5.000
3.800
3.800
2.600
4.250
4.250
0.500
1.600
2.200
5.000
4.200
4.600
3.867
4.667
1.667
3.750
5.000
0.500
3.800
5.000
3.200
2.800
4.600
3.000
5.000
4.800
5.000
4.200
4.200
4.000
4.000
4.909
3.000
2.400
4.200
3.400
5.000
3.750
2.750
5.000
4.000
3.600
1.600
1.750
5.000
1.000
1.000
2.375
3.800
3.200
3.200
4.400
3.750
4.750
3.200
1.556
3.938
5.000
5.000
4.000
1.600
4.750
3.500
1.400
1.400
4.000
5.000
3.833
0.600
2.917
4.200
2.000
2.600
1.600
2.000
4.200
2.000
4.800
4.400
5.000
3.000
4.250
4.250
3.800
2.400
1.600
2.000
1.600
4.000
2.200
4.400
3.600
3.600
0.500
0.800
0.600
2.600
2.000
2.200
2.400
3.600
2.200
4.800
1.643
1.750
2.250
4.000
4.800
3.200
4.000
4.400
4.600
3.800
4.800
4.857
5.000
2.533
1.000
1.000
2.000
0.143
2.000
1.600
1.600
3.400
4.000
4.800
2.500
1.750
1.000
5.000
1.400
4.000
3.800
4.000
4.000
4.800
0.600
4.750
2.200
3.000
0.000
2.200
0.400
4.800
4.800
3.800
3.000
4.000
5.000
3.800
3.000
4.400
3.800
3.000
0.667
4.000
3.750
4.133
4.000
3.600
1.200
1.600
4.000
4.000
3.200
1.000
1.000
0.600
0.400
3.400
3.600
3.000
4.000
1.200
0.600
1.600
2.600
3.600
3.500
3.765
2.750
2.250
2.750
3.800
4.800
3.600
1.200
0.400
2.400
3.941
0.500
3.750
4.000
3.000
4.200
2.000
5.000
3.000
3.800
0.000
0.000
0.250
4.000
3.250
0.750
1.500
3.500
3.000
0.200
0.800
4.200
3.800
0.400
0.800
1.200
2.800
3.200
5.000
0.000
1.000
0.000
3.750
0.400
0.400
0.600
4.000
0.400
0.400
0.400
4.800
0.600
0.800
3.200
3.200
0.600
0.600
0.000
1.400
2.200
3.600
3.111
0.600
0.400
4.250
3.000
5.000
5.000
3.750
0.200
0.400
1.286
4.600
0.600
2.000
5.000
1.800
2.400
2.400
0.400
4.200
0.000
0.000
0.800
1.400
1.500
2.500
2.500
3.500
3.400
3.800
3.800
1.500
0.500
0.000
0.000
0.800
0.850
3.400
0.400
1.750
3.250
0.750
0.000
0.000
4.250
1.800
3.200
3.600
2.600
3.200
2.800
4.600
0.000
0.250
3.923
2.750
0.000
3.000
3.800
4.600
2.600
3.600
3.600
1.000
2.750
1.250
2.750
0.000
0.000
2.400
2.200
0.200
2.800
4.000
0.000
5.000
0.000
3.200
3.500
1.750
1.250
0.833
0.000
3.750
2.750
3.800
0.200
3.400
1.400
3.800
0.400
0.000
0.000
0.000
0.200
0.000
0.000
3.800
2.250
2.400
3.200
1.600
0.400
0.000
0.400
0.600
1.000
4.600
4.250
1.500
3.500
0.000
0.000
0.000
0.333
0.333
3.333
4.333
0.800
0.200
0.000
0.000
2.800
0.800
0.000
0.250
0.500
3.750
1.750
2.667
0.400
0.000
1.000
0.800
0.000
4.000
5.000
4.400
2.000
2.800
2.500
2.500
2.250
3.600
1.200
0.200
1.000
0.400
2.800
0.000
3.000
3.000
2.800
0.000
0.000
2.200
3.750
4.000
3.500
0.800
0.800
1.750
3.000
0.000
0.000
0.000
3.800
3.200
3.200
0.800
1.500
2.750
3.750
3.200
0.800
0.000
0.000
1.400
3.200
2.200
2.533
3.400
0.000
0.800
3.200
0.000
0.000
3.000
2.800
0.000
0.417
0.000
1.000
2.000
0.000
2.500
2.000
0.000
0.000
2.818
3.533
3.800
3.250
4.000
0.000
1.000
2.600
1.400
3.200
0.000
0.000
0.000
0.000
3.800
0.643
0.000
2.250
1.250
3.400
0.000
0.200
0.500
0.000
4.000
0.000
1.000
0.000
0.000
0.000
1.800
1.200
0.600
0.250
3.250
1.250
4.000
3.250
0.750
3.250
1.200
3.800
3.400
0.000
3.500
3.750
4.000
0.200
0.000
0.000
0.800
0.000
0.000
0.000
5.000
0.600
4.200
3.750
5.000
1.250
3.600
5.000
5.000
2.200
5.000
4.250
2.500
2.800
2.800
2.800
2.800
5.000
4.800
4.200
5.000
5.000
5.000
3.750
2.000
1.583
1.778
2.000
2.000
2.000
3.200
3.800
4.400
5.000
3.500
4.000
3.500
4.400
3.800
2.600
3.000
5.000
3.667
2.333
4.000
4.400
0.200
5.000
5.000
4.000
4.600
2.600
2.600
2.600
2.200
1.700
2.000
4.000
3.250
4.500
2.600
2.000
1.800
1.556
4.500
4.000
1.600
0.500
1.400
1.600
4.400
1.800
2.600
1.600
3.000
2.000
2.000
4.000
3.000
4.400
4.800
4.800
0.727
0.000
1.250
0.500
3.250
1.333
1.000
1.400
1.333
5.000
4.000
4.400
1.200
1.200
1.250
5.000
2.000
2.200
3.200
1.500
4.750
0.500
0.067
1.600
2.600
4.875
5.000
2.000
1.400
1.400
0.800
2.000
1.600
3.000
3.615
4.000
4.000
3.333
1.500
4.400
2.875
2.200
0.200
1.800
1.600
0.200
3.000
3.500
3.500
2.000
5.000
0.000
3.200
3.250
0.000
1.000
3.667
3.000
4.200
4.091
2.000
1.000
3.800
4.000
1.800
5.000
1.000
3.000
2.600
3.400
2.000
4.200
3.800
4.400
4.200
1.200
1.200
0.800
3.200
4.000
4.400
4.200
3.200
3.400
4.000
4.800
0.200
1.800
2.600
2.800
5.000
0.250
3.750
1.750
3.500
3.400
1.400
1.400
1.000
4.600
0.400
3.600
1.250
1.500
1.000
3.750
3.250
4.000
3.000
1.667
3.333
0.500
3.750
3.250
1.000
3.500
4.400
0.400
0.400
4.200
2.500
0.250
0.250
0.250
2.600
1.800
0.000
1.200
3.600
1.200
3.200
2.200
0.800
1.600
2.800
3.200
0.800
3.800
0.000
0.667
5.000
1.800
0.400
2.000
2.800
0.800
0.800
0.750
0.750
1.000
0.800
2.769
2.400
4.400
1.800
1.400
2.250
0.250
3.250
4.500
0.800
0.800
0.800
0.250
3.500
4.250
0.500
0.000
0.500
0.600
2.200
3.200
4.400
3.000
2.583
0.000
1.800
0.000
1.400
0.000
0.400
0.000
3.000
2.000
0.000
1.667
1.000
0.000
4.200
2.600
0.250
0.400
3.500
3.500
3.000
3.400
3.600
1.000
3.600
2.800
4.000
3.400
2.667
3.000
4.667
3.200
0.200
1.200
0.800
0.800
0.750
0.250
3.250
3.333
3.333
2.000
3.000
4.000
2.000
0.400
3.200
0.400
2.000
4.500
0.500
0.500
4.000
3.750
4.250
3.750
2.750
3.250
0.800
0.250
0.750
4.800
0.800
0.000
3.000
3.750
0.000
0.250
0.000
3.500
3.250
0.400
0.800
1.600
1.200
4.200
0.200
0.200
0.500
0.000
4.500
0.000
0.750
4.000
2.750
3.400
3.400
2.400
3.000
0.400
3.929
3.000
1.750
2.600
3.500
0.500
3.500
0.000
0.000
0.000
1.000
2.000
0.600
4.000
0.500
2.500
3.250
2.000
0.000
0.800
0.800
0.400
0.000
0.000
0.000
0.400
0.000
3.600
0.231
0.000
0.500
0.000
2.750
0.750
1.250
0.000
3.750
5.000
0.000
3.200
0.750
0.500
2.500
1.750
4.000
0.000
4.600
4.000
3.000
2.200
0.000
2.800
3.800
4.400
0.000
1.750
1.000
1.800
1.600
2.333
2.000
1.000
0.000
0.000
3.000
0.400
0.400
3.250
0.000
0.000
0.000
0.000
0.400
1.000
0.250
4.250
0.118
1.000
0.400
0.000
0.000
2.500
0.750
3.000
2.600
2.600
0.000
4.250
0.000
0.000
0.000
3.500
2.400
0.600
0.000
3.750
0.400
0.400
2.600
1.750
0.000
0.750
0.000
0.000
0.800
3.400
0.000
2.000
0.250
3.000
0.667
3.200
0.333
3.333
3.333
1.000
2.200
0.400
0.000
0.250
2.250
2.600
1.200
3.200
1.400
0.200
2.750
0.600
3.800
3.400
1.500
2.500
0.000
5.000
4.333
0.333
3.333
4.200
0.800
1.000
2.800
1.500
1.200
3.000
0.000
0.600
1.000
0.000
0.000
1.000
0.000
3.500
0.000
2.500
0.000
0.750
0.000
0.000
0.000
0.800
4.4
2.6
3.2
4
4.8
3.4
3.8
3.4
2.8
3.8
4
3.8
0
3
4.4
0.6
3.2
3.6
2.6
0.6
0
1.4
4.2
0
4
3.8
4
5
1
4.4
0.4
4
1.2
1.6
0
3
3.2
1.4
3.8
1.8
3.2
3.2
0.6
2.2
3.4
1.8
4.4
2.4
3.6
0.8
0.6
0
2.4
3.6
3.2
0.2
2.4
4
4.6
3.4
0.4
0.6
3.8
3.8
2.4
3
3.8
2.6
2.2
5
2
3.8
0.8
0
2.2
3.6
3.6
0
4.4
1
3.2
3.2
4
3.4
0
4
2.4
4.1
4.1
0
2.6
4
0
3.8
3.75
0
1.8
4.2
2
1.6
1.2
3.6
4.6
3.6
4.6
0.8
3.2
4.4
0.4
1.2
3
4
4.2
2.8
2.8
0
1.4
4
1.8
2
1.4
1.6
3.4
1
1.4
2.2
0.2
4.2
4.2
4.2
2.8
4
1.6
4
4
1.4
0.6
3.2
0
0.8
4.6
0.2
3
0
0.2
3.6
4
0
3.4
2.2
3.5
0.4
0
0.8
3.8
3.4
3.4
3
3.6
5
0.4
1.6
4.4
5
4.2
4
2.2
0.4
0.4
0
3.8
1.8
3.2
4
4.2
3
4
3.8
1
2.2
3.2
0
2.8
0.4
5
0
1.4
4
0.4
1.8
0.4
3
0
4
4.2
4.2
3
1.6
0.2
0
4.6
0
3.4
4.2
2.4
0
3.2
3.8
3.4
4
4.4
3.2
3.2
2
4.8
2.2
3.2
3.8
2.6
0
0
3.4
1
4
0
4.4
0
2.8
2.8
0.8
4.2
3.2
3.2
3.2
2.4
3.4
0
4.2
0
2.4
1.4
4.2
0.4
3.6
1.6
4
2
4.4
4.8
4
1
3.2
0
3.8
2.4
3.2
4.6
2.4
5
4.2
2.2
1.2
1.4
0
2.2
3.4
4.2
3.6
1
0
0.8
0
0
0
3.4
4.2
3
2.8
1
4.2
3.4
4.2
0.8
0.8
4.8
3
3.2
3.8
2.2
0
2
2.8
2.2
3.2
3
3
0
3
3.6
2.6
3.4
2.25
4
3.2
0
4.2
0
4
3
3.8
4
2.6
2.8
0.4
4
1
3.8
0
2.2
2.8
4
4.8
2.4
2.2
2.2
3.4
3.8
4
4.2
3.6
1.2
1.2
4.6
4.6
0
0
2.6
3.8
3.6
3.8
3.6
3.2
3.6
3.6
4
1.6
2.4
3.8
2.6
4
3.4
3.8
4
0
4.2
4.6
2.25
0.4
1.6
2.6
0.4
3.2
3.2
3.2
4.4
4.8
4.4
3.8
2
3.6
2.2
5
0.2
3
1.8
3.6
1.8
4.2
0
0.8
4
0
0
4.5
2.6
1.6
3.4
3.6
0
5
4
4.4
0.6
3.6
4
3.2
4
2.4
2.6
4
0.2
3.4
3.2
3
1.8
4.2
4.25
4.2
1.8
3.8
0.8
3
3.6
3.8
0
1.4
0.2
4.6
3
4.4
5
3.6
0
4
1.4
2.6
3.2
4.2
3.4
4.4
3.8
3
1.6
4.2
4.4
3.8
3
3.8
4.6
3.2
3.6
3.75
3.8
3.4
0
4.2
0.8
4.2
4.25
4
5
3.2
0.4
1
4.8
3
2.6
3
4
3.4
3.4
3.8
3.2
2.8
3.8
2.8
3.4
4
3.2
4.2
0.6
3.8
4.6
3.4
0.6
4.2
0.4
2.8
3.4
2.8
1.6
0
0.6
1.8
1.8
2
3.2
3
2.6
4.4
4
4.2
5
3.6
0.8
2.5
2
4.40
0.60
4.60
4.80
0.40
0.00
4.60
0.00
4.00
4.40
0.60
0.60
4.60
2.60
0.60
4.00
0.00
0.00
2.20
4.00
4.80
2.60
1.20
1.80
2.60
0.80
4.00
4.80
3.80
2.60
3.00
4.80
1.60
4.60
5.00
0.00
4.60
4.80
1.40
1.20
2.40
4.60
0.00
3.40
0.00
4.20
2.60
2.33
3.60
3.40
3.00
2.40
2.40
1.20
4.80
0.00
2.80
0.00
2.20
0.00
5.00
5.00
1.40
3.20
1.60
0.60
5.00
1.80
0.00
3.00
5.00
2.20
2.40
4.20
3.40
0.00
3.80
3.40
0.00
1.00
4.80
0.00
3.00
2.20
0.20
5.00
0.80
0.80
5.00
4.00
2.80
2.80
1.00
2.00
4.20
2.00
2.20
4.00
2.00
0.40
4.60
2.00
1.20
4.00
0.17
0.00
0.20
3.80
4.00
1.60
2.20
5.00
0.50
3.67
1.60
4.40
4.60
5.00
0.80
2.40
4.40
0.00
3.80
2.20
2.20
2.80
3.80
0.00
0.40
3.80
3.20
3.40
4.40
3.20
4.80
0.00
4.80
0.40
3.60
0.60
2.60
3.20
2.40
0.80
4.20
0.00
4.00
2.20
4.80
1.60
4.20
0.40
4.60
4.80
0.00
0.00
2.20
4.00
4.00
2.00
2.20
4.80
0.40
2.00
0.40
1.40
0.00
0.40
4.60
5.00
3.40
3.20
3.00
3.20
3.80
3.80
1.40
1.20
4.80
2.20
3.60
5.00
4.00
4.80
2.20
4.80
5.00
0.00
4.80
2.40
1.00
3.80
0.00
2.60
2.80
0.00
0.00
2.40
0.00
3.20
0.00
2.40
3.60
0.80
2.33
3.60
5.00
0.00
4.80
0.00
1.80
0.00
3.40
4.80
3.40
0.00
4.80
0.80
3.40
3.20
0.40
1.00
1.00
2.00
2.40
2.80
2.80
0.00
0.60
4.60
4.40
4.60
2.40
1.00
2.20
4.80
2.00
3.80
5.00
0.40
4.20
1.80
1.20
4.80
0.60
3.40
3.00
0.00
0.00
3.20
3.20
3.40
4.20
4.00
2.80
0.80
1.40
4.20
2.20
3.40
0.40
1.80
1.00
0.20
1.80
0.00
4.00
4.20
1.40
1.20
3.20
4.80
1.40
0.20
4.80
4.20
1.00
4.00
0.00
3.20
0.00
1.40
0.00
4.20
5.00
0.20
1.40
2.20
0.60
0.80
3.20
4.60
2.80
0.60
0.40
4.20
2.20
1.60
3.20
3.20
0.00
4.40
0.60
2.80
0.40
1.20
1.40
0.60
1.20
0.40
3.60
0.60
2.20
4.80
2.00
2.40
4.20
0.20
3.20
3.80
4.00
0.60
3.20
3.00
4.80
5.00
2.00
3.60
1.20
4.60
4.00
4.40
5.00
0.00
3.20
3.00
4.60
3.60
4.20
0.00
1.20
2.83
4.60
0.00
4.60
1.60
1.80
2.20
3.80
4.40
3.00
4.00
1.00
4.60
0.60
4.40
0.80
0.40
0.80
0.60
0.00
2.80
0.00
3.80
3.40
5.00
4.60
2.20
3.40
3.60
4.80
0.00
2.40
3.40
3.40
2.40
1.80
1.60
4.60
3.60
2.80
1.80
3.60
0.80
0.40
4.60
1.40
3.00
4.20
0.00
4.60
3.00
4.60
1.00
3.20
1.60
4.80
4.40
2.60
4.00
3.40
2.40
5.00
0.40
4.60
0.00
3.40
0.00
4.00
0.60
0.40
4.20
2.80
3.40
2.40
0.00
4.40
2.80
4.40
1.80
4.00
1.40
1.00
3.40
0.80
0.20
3.40
4.80
4.00
3.60
1.00
0.00
0.00
1.40
1.40
1.20
1.60
5.00
2.80
5.00
1.00
1.00
1.20
2.60
0.80
3.80
2.00
5.00
1.80
2.60
0.80
1.00
1.20
2.40
1.80
3.40
4.20
4.60
2.20
2.20
4.60
4.20
1.40
0.20
0.00
3.80
4.60
1.40
3.40
0.00
0.00
1.40
4.60
3.20
3.20
0.50
1.20
3.00
4.40
2.40
1.00
5.00
3.40
4.40
5.00
0.40
1.20
4.00
1.00
1.00
0.00
2.00
0.60
4.40
0.00
0.60
0.00
0.00
2.00
4.20
1.60
3.00
1.00
3
0.8
3.8
1
0.4
4.6
5
2
5
0.6
1
5
3.6
4
3.1
2.2
3.2
4.4
2.2
2.4
2.8
4.6
1
2.2
2.2
3.8
2.8
2.2
2.6
3
4.8
1.4
1.2
0.8
2
1.2
2.8
2.6
2.6
0.8
2.4
3
1
3.2
4.6
1.4
3
5
0.8
2.11111111111111
2.8
2
1.1
5
1.2
3
4.5
3.4
3.8
4
2.6
1.8
2.4
3.4
3.4
3.6
1.6
3.2
4.6
4.4
2.2
1.2
2.2
3.8
4
2.2
0.8
2.6
2.2
1.6
2.6
1.8
2.8
3.6
2
2.2
4.8
2.2
3.6
1.4
2
1.8
3
2
4.2
2
3
3.4
3.6
3.6
1.4
4
2
1.8
3.6
3.4
1.2
1.2
2.4
3
3.4
2.2
1
3.2
0
1.6
1.6
2.2
3
2.4
3.77777777777778
2.11111111111111
1
3.2
2.8
1.4
1.4
1
3.4
2
4.2
4.2
1.6
4.4
4.6
3
4.4
4.57142857142857
2.6
4.4
4.8
0.4
3.8
2
1
0.8
4.8
0.2
2
1
0
3.2
2.2
4.2
1.4
3
4.2
2.6
2.4
2.4
1.6
1.75
4.6
3
4.5
4.25
3.6
4.8
2.6
2.6
2.4
2.4
4
4.4
2.4
2.4
2.46666666666667
2.8
3
2.4
4
1.8
4.2
2.4
3.6
4
3
2.4
4.4
0.6
1.4
3.8
4.2
2.4
1
3.4
2.4
5
1.2
2.2
4
0.8
1.75
2.5
0.8
3.4
3
1.2
3.8
4.4
3.6
2.2
4.6
2.2
4
3.2
3.8
1.8
4.2
1.2
1.1
3.8
2.4
3.4
3.6
3
0
4.4
2
3.2
3.4
0.9
1.6
3.2
1.4
1.53333333333333
3.1
4.2
2.8
3.6
2.4
2.4
2.5
2.8
3.6
2.2
1.6
4
3
1.6
1.6
4.6
4
1.6
5
3.77777777777778
1.8
3.6
2.8
2.2
4.8
0.9
1.6
4.8
0.4
1.6
4.4
3.8
4.8
2.5
2.6
4.4
4.6
3.6
1.8
4
4
4
4.2
1.8
3.8
4
1.2
3
4.5
2
3
4.6
2.4
3.6
2.4
1.4
2
4
3.4
0.8
1.6
1.6
1.8
1.8
1.8
3
3.8
1.2
4.2
4.8
3.6
1.4
4.57142857142857
1.2
3.6
3
2.6
2.2
4.8
2.8
2.6
1.4
1.6
4.4
4.2
1.6
4.4
3.8
3.4
3
2
3.2
3
3.4
2.2
2.6
0.8
4.2
4.2
1.2
2.8
1
1.6
2.6
4.4
2
1.8
4.5
3.8
3.2
2.8
1.8
4.6
2.4
3.4
2.4
4
1
3.4
4.2
1.2
4.4
4
0.4
3.2
4.2
4
2.6
3.4
1.6
2.2
5
0.6
1.2
2.4
2.4
2
4.6
2.2
1.53333333333333
4.6
2.2
2.6
3
1.4
1.6
3.8
1.2
4
5
3.2
4
4.6
3.8
2.4
4.6
3.8
2.8
2.8
4
3
2.46666666666667
2.8
1
3.8
1.6
1.2
1.6
2.8
0.8
2.4
3.4
1.53333333333333
3.8
1.2
1.6
2.4
0
3.6
2.46666666666667
1.6
1.8
1.2
4.8
1
2.2
4.8
1.4
1.8
0.8
3.2
5
3.6
1.2
1.4
1
4.2
4.8
1.6
1
4.2
3.6
3.2
4.57142857142857
1
1.2
0.8
1.4
2.6
3.6
2.6
4
4.6
0.4
4.400
3.400
4.600
1.400
2.000
3.600
4.400
4.800
4.600
2.800
4.000
4.250
5.000
3.500
2.500
4.400
3.400
4.000
4.800
3.600
3.400
3.600
3.400
4.250
4.250
3.846
1.200
3.200
3.800
3.200
4.000
3.333
2.000
2.600
3.000
2.600
2.800
3.000
3.200
2.600
2.500
4.500
3.250
4.000
2.200
2.800
3.600
2.600
3.800
3.200
5.000
4.000
5.000
2.200
4.200
2.818
3.875
4.400
2.800
3.800
4.400
5.000
3.000
2.667
2.333
3.000
1.333
3.800
3.400
2.000
3.400
4.000
2.800
3.200
3.600
3.600
4.200
3.250
2.750
2.500
1.750
4.250
5.000
4.250
4.750
2.750
3.250
3.500
3.600
3.333
4.000
3.500
3.400
3.600
3.600
2.000
3.600
1.600
4.600
3.600
3.000
2.400
1.200
3.400
3.000
3.400
1.800
3.500
2.750
2.600
2.200
4.750
1.500
3.750
3.500
1.500
3.200
2.200
2.400
3.000
1.800
2.400
3.533
4.750
3.333
5.000
3.000
3.000
3.000
1.846
3.000
3.000
3.200
1.000
2.647
3.250
3.750
4.750
3.929
3.400
3.200
3.800
4.600
3.200
2.200
4.400
3.333
4.000
1.333
4.200
3.200
3.200
3.250
2.250
3.500
2.200
3.400
3.000
2.500
1.750
2.750
4.250
3.000
5.000
3.250
4.000
3.750
2.000
3.333
3.000
3.400
5.000
3.400
3.750
4.000
3.250
2.250
1.500
3.000
2.250
4.000
4.750
1.500
3.067
2.750
3.500
3.250
3.750
3.800
4.000
4.800
2.200
3.250
2.500
2.250
2.750
4.750
3.500
3.250
3.000
1.500
2.000
3.000
4.750
4.778
3.200
3.200
4.364
3.800
4.400
4.500
4.000
1.500
3.000
5.000
3.600
2.800
1.800
3.400
3.000
2.000
3.333
4.250
2.000
1.600
3.600
4.750
1.750
3.250
3.000
3.600
3.400
3.250
3.500
3.786
0.800
2.400
3.200
4.923
2.600
4.000
3.000
3.200
3.200
3.400
2.600
4.571
3.400
2.250
3.500
2.750
4.750
4.500
3.167
4.500
4.750
2.750
3.200
2.600
4.400
3.000
0.944
4.000
3.800
4.200
4.200
2.600
3.056
4.750
3.250
3.400
3.750
2.600
2.400
3.200
3.400
2.400
3.400
3.600
3.400
4.818
3.200
1.400
3.000
3.200
1.800
3.800
4.600
2.800
4.250
3.000
0.750
4.000
3.600
2.200
2.800
3.200
1.250
3.000
2.200
3.600
4.000
3.000
3.750
5.000
3.200
3.200
3.000
3.600
4.200
1.800
3.231
3.000
3.000
3.750
5.000
3.400
3.200
2.800
2.800
4.600
3.200
3.000
3.800
4.500
3.000
4.727
3.800
3.000
4.600
2.000
1.500
3.200
3.000
2.750
4.500
1.000
3.750
4.500
1.500
2.000
4.000
3.200
4.000
3.000
3.250
3.400
2.000
3.400
2.800
3.200
3.200
4.750
3.250
4.250
5.000
1.600
3.800
3.500
4.750
3.000
3.000
3.250
3.250
3.750
4.250
1.200
5.000
3.000
3.600
1.800
4.000
3.800
2.400
2.800
3.200
3.000
3.400
3.800
3.250
1.500
2.800
3.200
2.000
3.400
4.600
3.250
3.750
4.500
3.667
3.333
1.000
1.000
5.000
5.000
3.400
3.500
1.250
3.250
3.250
3.750
3.250
3.600
4.400
3.600
3.750
2.500
3.250
3.333
3.000
2.200
4.600
3.200
5.000
3.600
3.200
4.600
3.800
3.400
3.600
2.200
3.600
3.800
4.000
1.733
4.000
2.800
3.200
1.800
3.750
3.750
2.909
3.400
3.600
2.600
3.800
1.600
3.800
3.400
2.500
3.750
3.167
2.500
4.250
2.750
2.750
3.250
4.200
3.200
2.750
1.750
3.750
4.800
3.400
0.800
4.000
4.000
3.750
3.250
1.250
3.500
1.000
2.500
3.438
4.000
3.600
4.200
2.600
4.400
3.250
2.000
4.500
3.400
3.000
1.000
2.750
3.250
1.000
3.600
3.200
3.000
3.200
4.600
2.800
4.200
3.200
4.000
2.200
2.800
5.000
2.000
3.250
3.750
3.500
2.750
4.000
2.000
3.000
3.000
4.600
3.200
4.400
4.000
3.750
2.800
2.400
4.600
3.800
4.400
4.200
5.000
5.000
5.000
3.400
3.200
5.000
4.400
3.600
3.200
3.800
4.200
3.000
3.000
3.000
4.800
2.500
2.250
3.000
3.667
3.600
3.800
3.400
3.400
3.800
2.800
3.750
4.400
3.750
2.750
3.800
3.200
3.800
4.800
4.000
1.400
4.200
1.800
2.000
2.600
3.250
3.750
4.250
4.750
3.250
3.750
3.250
5.000
2.000
4.200
3.400
3.000
2.750
2.600
3.400
3.600
3.600
4.800
4.000
3.400
2.400
3.000
2.750
4.000
1.750
4.500
5.000
3.000
2.800
2.667
4.000
4.250
4.176
3.000
3.800
4.600
1.400
2.800
4.200
1.000
4.200
2.500
3.500
4.750
3.500
4.000
2.000
3.200
3.800
2.500
3.000
4.000
2.625
3.200
4.000
3.200
2.400
3.600
4.600
4.400
4.600
3.600
3.200
2.000
2.800
1.600
4.000
2.800
5.000
3.400
4.000
3.200
3.800
3.200
4.000
3.250
4.250
4.250
4.250
0.750
3.000
3.750
4.000
4.000
2.000
3.400
1.400
3.400
2.400
2.600
2.800
3.200
2.400
3.250
2.750
4.000
3.600
3.800
4.600
3.250
3.750
4.000
3.750
3.455
4.000
2.500
0.250
3.833
3.750
3.250
2.750
3.000
3.200
4.600
3.600
4.400
4.056
3.500
5.000
4.000
4.000
4.750
3.750
4.000
3.500
3.000
4.200
3.400
4.600
4.000
4.000
3.643
3.600
4.000
1.000
3.400
1.750
3.000
3.250
3.400
3.200
2.800
2.400
3.400
3.600
3.800
4.800
3.800
3.333
2.500
2.400
3.800
3.000
3.692
3.000
2.750
3.250
3.500
3.000
4.000
4.667
3.333
2.400
3.857
2.400
3.000
2.000
1.600
4.000
3.800
1.273
1.000
3.000
4.000
2.000
1.000
3.000
4.750
2.750
4.500
3.000
3.000
3.000
2.588
3.600
2.333
2.250
2.500
4.500
4.750
3.400
4.000
3.500
2.000
4.000
1.400
3.200
1.800
3.200
4.800
1.400
2.600
3.250
1.750
3.000
3.500
3.250
2.250
4.000
4.250
4.000
3.000
3.400
3.800
4.000
2.500
4.500
4.500
3.600
0.800
4.091
2.250
5.000
3.750
3.667
2.667
3.333
3.000
3.444
3.800
3.600
5.000
3.000
3.400
3.800
3.600
3.600
2.400
2.400
0.889
4.750
3.500
5.000
3.600
3.000
3.800
3.000
1.800
4.800
3.800
4.000
4.600
4.800
2.000
3.200
2.200
4.000
1.200
4.000
3.000
2.800
4.400
2.600
1.400
3.200
3.000
3.273
4.000
3.250
3.500
1.750
2.700
3.750
3.750
4.000
4.200
3.750
3.800
4.400
4.600
1.667
4.000
4.333
3.000
3.500
2.000
3.750
1.800
2.667
3.800
2.200
4.333
2.333
3.250
2.250
0.750
4.000
3.500
3.750
3.750
4.250
4.000
0.750
3.400
2.600
3.400
3.600
5.000
4.250
4.250
3.250
4.250
3.750
4.333
3.909
3.933
3.750
4.250
4.250
3.500
3.250
3.000
3.800
3.400
3.857
4.000
3.400
3.000
3.200
3.600
1.600
3.800
2.000
3.600
4.500
4.000
3.000
3.769
3.400
1.800
3.000
3.000
4.250
4.000
4.000
3.625
3.500
3.200
3.400
4.000
4.800
2.400
3.200
4.200
5.000
3.400
4.000
3.333
3.200
4.000
3.800
2.200
3.750
3.000
1.250
3.250
3.333
2.000
3.000
3.667
3.667
4.333
1.333
2.200
4.400
3.400
4.200
3.000
3.400
2.750
4.000
1.000
4.250
3.500
3.067
3.250
3.750
2.250
2.500
3.750
3.250
4.000
3.444
4.600
2.800
4.800
0.600
2.750
3.250
1.500
3.000
3.800
4.308
3.400
3.200
3.500
3.750
1.750
1.250
3.400
1.200
3.800
3.500
3.500
2.000
2.000
4.800
3.800
4.600
1.400
3.600
3.000
1.600
4.000
2.400
3.500
5.000
5.000
4.000
3.000
1.333
3.800
3.000
2.667
4.000
3.000
4.000
2.750
4.000
1.500
3.750
2.750
4.000
1.500
1.800
4.000
3.600
3.400
2.600
3.250
3.750
4
4.2
4.2
3.2
0.6
3.6
3.6
2
4.4
1.4
4.6
2
2.2
3.8
3.6
2.6
4.8
3.8
2.8
3.6
4.2
3.4
4
4
3.2
4.4
5
0
3.8
4.2
2.4
3.6
3.8
2
2.2
4.6
0.6
3.2
4
2
3.4
3.8
4.2
3.2
5
1.8
1.6
4.6
1.8
1.8
4.8
4.4
3.4
4.4
1.2
3.8
3.8
1.4
4
4.4
1.4
3.4
3.4
3.4
3
3.8
4.4
3.4
4
0.8
4.6
1
3.2
3.6
4.2
1.2
4.2
3.6
2
4.2
3.8
1.2
3.25
4.2
2.4
4.6
4.4
1.8
3.2
3.4
2.8
3.8
3.4
1.8
2.8
3.2
1.8
3.4
5
1.4
2.2
5
0.6
0.6
3.4
4.6
1.8
4.2
2.6
2.8
4.8
4.4
4
4.2
3.8
3.2
3.4
3
3.4
3.4
3.8
5
5
0
2.4
3.6
2
4.2
3.75
4
3
3.6
1.8
4.8
3.2
3.8
5
3.2
3.8
1
4
2.2
3.2
4
3.8
2.6
3.4
1.4
3.2
5
1
5
5
4.2
2.4
4.2
2.6
3.4
3.6
1.8
1.4
3.6
4
1.2
3
1.8
3.2
4.2
4
3.2
3.4
3.8
2.4
3.4
2
3.2
3.4
3.2
3.4
4.6
1.6
5
4.8
1.2
4.6
2.8
3.4
2.6
1.8
4.4
4
3.8
1.6
3.6
3.6
0
2.2
3.6
1.2
4.2
3.4
0
3.8
4.4
3.4
3
4
0.8
4
5
1
5
5
2.2
4.8
1.8
2.2
2.6
4.4
1.2
4.8
3.8
1.2
3
4.6
3.2
0.2
4.8
0
3.6
4.2
2.6
3.8
3.8
1.6
3.2
3.2
3
2.6
1
0.4
1
4.2
3.6
3.4
3.6
0.8
0.4
1.4
2.4
1.2
3.2
3.6
4
2.2
2.6
2.2
2.8
3.6
3
2
3.4
3
2.6
3
2
0
4.4
0.4
3.6
0.6
1.8
1.8
3
3.4
1.2
0
1.4
2
3.6
4
3.2
1.8
4
3
3.6
3.2
3.6
2
0.4
3
3
3.4
3
2.6
1.8
3.8
2.4
0.8
2
2.6
4.4
2.6
3.8
4.2
3
3.8
3.2
4
0.8
2.4
2.4
3.2
3.8
0.4
2.8
1
0.2
3.8
2.4
3.6
2
1.4
4.8
2.2
3.2
1
3.2
5
3.6
4
2.2
1.8
1
4.4
1.6
1.4
4
2.8
3.6
3.8
1.4
1
0.6
1.4
3
3.2
5
0.6
4.2
0.4
1.2
1.6
4.8
1.2
0.8
4.2
0.6
2.2
3.6
1
0.6
1.8
0
0
0
1.6
1.6
1.6
2.2
1.4
2
3.4
3.2
2.4
4.8
0.4
3.6
4.6
2.4
0.8
3.8
4.6
1
0.4
2.6
0.8
1.6
0.8
2.4
3.6
3.75
4.2
4.8
5
3.2
2.4
3.2
4
3.6
2
4.4
0
0.6
3.4
2.6
2.8
3.6
3.8
2.6
4.4
0
4
4.8
2.2
1.6
4
1.6
3.8
1
4.2
1.2
0.4
3.8
4
3.8
1
3.8
3.4
3.6
4.4
4.8
0.8
0.2
3.4
1.4
4.6
3.8
1
1.4
0.8
4.2
1.8
3.2
4.6
4.6
4.2
0.2
1
1.6
3.6
0.4
0
1.2
3.8
3.8
3.6
0
0
2.4
0.6
3.2
5
1
1.4
2
2.6
0.8
3.6
4
3.2
4.4
5
4
2.8
0.8
2.8
3.8
4.4
3.4
3.8
4
2
1
4
1.8
4.6
1.8
4.2
4.6
3
3.8
0.6
3.8
1.8
2.6
2.4
0
4
3.6
0.4
1.4
4.4
0.4
4.4
3.4
4
1.4
4.6
3.8
0.6
3.6
3.6
4.2
1.6
4
2.4
0.4
1
4
4.8
0.8
2.8
3.8
1
2.8
1
4.25
0.6
2.4
4.4
0
2.8
1.6
3.2
0
2.2
1.8
1.6
1
3.6
4.8
3.2
5
1
3.6
4
2.8
3.8
1
1.5
3.4
3
4.6
1.4
1.6
4.2
3.8
0.8
5
3.6
2.6
1.6
4
0
2.2
1.4
3
4.4
0
3.2
3.8
4
2.8
1.4
4.4
0.6
3.6
1.4
4.2
3.8
1.6
3.4
1.8
3.8
2.6
4.5
1.8
0
2.6
2.8
3.8
3.4
1.4
4
4
4
3.6
0.8
0
3.8
0.6
1.2
3.8
2.8
3.2
3
3.4
1
4.2
0.8
2.2
3.4
1.6
0.8
1.2
3.4
4.2
4.8
0.6
3.4
4
3.6
4.2
4
0
3.8
3.8
3.8
0.8
4
3.8
2.2
4.8
2
0.4
2
0.4
0.2
1.4
0.8
1.8
4.4
2.4
2.6
2.2
1.4
1.8
1.2
1
3.4
0.6
2.4
1
4.8
3.6
3.4
2.8
1.8
4.4
1.8
2.4
1.6
1.8
3.6
2
2.4
2.4
4.6
1.2
3.2
4.4
1
1
3
2.8
3.6
3.8
1.4
2.2
3
4
2.4
4.2
2.4
1.2
4
3.8
3.6
3.8
4.6
3.8
5
1.8
3
3
4
2.6
5
0.6
4.2
1
4.4
2.2
4.6
4.2
3
1.6
0.8
1
1.2
1.6
4.2
1.4
4.8
3.2
2.4
4.2
4
3.8
2.8
1
2.4
0.5
1
3.2
2.2
4.4
0.8
1.4
4.4
0.8
2.6
5
4.2
1.2
4.4
2.2
1.6
2.4
3.4
1.6
4.2
4.2
0.6
1
1.4
1.2
1.2
3.2
0.2
1.4
0.6
3.8
4
1.4
1
3.6
4
1.6
0.8
1.8
0.4
0.8
3.6
3.8
1.6
0.4
3.4
2.2
3.4
3.4
2.2
3.8
0
1
2.6
3.2
1
1.4
3.4
3.8
2.6
4.4
3.4
3.6
4.4
1.2
3.8
2.5
2.2
1.8
3.6
1.4
3.6
1
3.6
2
1
1.2
4.4
0.6
4.6
4.6
3
2.2
2.8
4.2
3.6
3.6
4.6
1.8
1
4.6
3.2
1
1.2
1
0.8
2.6
4.2
1.6
0.8
2.8
3.8
2
2.8
3.4
0.8
1.4
3.4
0.8
0
3
3.4
0.2
4.4
0
2
0.8
4.4
1.4
0
3
4.4
4
4.6
3.33333333333333
0
2
3.2
3.2
4.2
3.6
0
1
1.2
2.8
4.4
0.8
4.4
3.4
2.4
0.2
0.4
3.8
2.8
1.4
3.2
4
3.2
1.6
3.6
1.5
4.2
2
1.6
4.4
3
4.8
4.2
2.25
3
2.6
2
3
0.2
0.4
1.8
0.6
4
0.8
3.2
0.2
3
1.5
1.2
3
3.8
3.2
4.6
4
3
0
2.8
5
4.6
2.6
3.8
3.4
5
4.2
4.6
0.4
2.8
1.4
3.2
5
2.4
2.8
0.6
5
0.6
3.4
4.4
4
0
1.6
5
1.4
1.6
4.6
4
5
4
3.8
4.4
4.8
2.6
4.2
2.6
5
3.8
3
3.4
1.2
4.4
2
2.8
4.6
4.4
2.2
3.8
1.4
4.6
5
0.2
3
1.2
3.2
2.2
0.8
2.6
1.6
1
0.4
3.4
5
1.4
0
3.4
3.4
2
3
3.8
4.4
2
0
2.6
2.2
1
3.4
1.8
4
3.6
3.8
4.2
0.6
1
1.8
2.8
3.2
3
2
0.4
3.6
2.5
5
4.2
0.4
0.6
2.2
1
4.8
3.8
2.8
4.4
5
1
2.2
4.6
1.8
2.6
1.2
2.2
0
3.5
1.4
2.2
3.4
4.8
3.4
5
1.4
4
3
2.2
2.8
2.8
4.6
4.4
3.4
0.6
3.4
3
4
1.2
0.8
2.6
1
3.4
4
3
3.4
1.4
2.6
2
5
2.8
2.8
1.8
3.6
2.6
2.8
0
0.8
0.6
3.8
1
3.6
4.2
4.8
3
4.4
2.8
4
2.8
1.8
2.2
4.6
3.6
5
3.8
2.4
3.8
4
4.2
4
2.2
3
3.2
1.2
3
2
4.8
4.4
3
3.4
0.4
3.6
1.2
4
4
1.8
1.4
4
2.8
2
1.2
4.2
0.8
2.4
3.4
3.8
1.8
3.2
3
4.8
1.6
2.6
3.6
0.6
1.2
2.8
4.2
4
4.2
3.8
4
1.4
3
3
3.6
0.4
3
4.2
4.6
1.8
0.6
2.4
2
1
4.6
4.2
3.4
1
0.2
3
3
4.2
1.6
1.4
0
5
2
1.4
5
0
4.6
4
3.4
2
2.6
0.8
1
2.4
4.2
1
1
1.8
1.8
2.5
4.4
1.4
3
1.2
4.2
5
2
2.4
0
3.6
2.4
0
3.6
2.8
3.4
1.6
2.2
0
2.2
4
2.6
5
2
2.2
2.8
0.8
4.4
4.8
0.8
4.2
1.4
2.6
0
4.8
1.4
3.2
1.6
2
1.6
3.2
4.6
3.4
3
1.2
2.2
3.4
2.6
1.2
3
3.8
4.6
2.8
2.2
2.8
3.6
3.6
3.8
4.2
4.2
2.4
4.4
2.4
3
2
3.4
2.6
3.8
0.2
3.4
4
1
0
3.6
3.4
3.6
3.6
1.8
0.2
2.2
1.6
3.2
3
3.6
2.2
4.2
4.4
1.2
2.6
1
2.8
4.2
2.2
1.2
3.6
3.4
2.2
3.2
4.2
5
0.6
2.8
3.4
1.8
0
1.8
4.6
1.8
4.2
1.8
3.2
3.6
4.8
1.6
1.8
2.8
0.6
1.4
4.6
0.6
2.6
0.6
5
1.6
0
2.6
5
1.2
4.75
4.4
2.8
4.4
4.6
1
3.4
4.2
1.2
4.2
3.8
2.8
3.8
5
3.4
1.8
5
5
1.8
3.4
1.2
1.4
2.6
2.6
4.8
1.2
3.6
1.2
1.6
4
3.4
3.8
5
4.4
0.4
0.4
4.8
2
3.2
1
4.8
3.8
2.6
1.4
4.4
0
3.8
2.8
4.8
4
3.8
3.8
0
3.2
3
2.6
4.6
1
1.8
0
0.8
3.4
0.8
3.4
3.4
0
2.2
0.8
5
1.4
4.4
2.8
3.2
3.6
2.2
2.4
2.6
0
4.4
3
4.2
3.4
3.2
3.25
3.8
3.4
1.8
3.8
5
1.8
1.75
4.2
5
3.2
0.8
2
4.8
5
2.6
2.8
3.4
0
1.4
1
5
2.6
4.8
1.4
2.8
3
2.8
1.2
4.6
2.8
5
3
4.4
3.8
4
4.2
1
4
2.8
4.2
2.6
4.2
4.8
0.2
1.4
3
5
4.2
3.8
5
1.6
0.8
1.8
3.6
4
3.2
0
4.2
4.2
0
2.6
0
3.2
3
1.4
1.8
3.4
3.4
1.8
0
4
3.6
2.8
2
4
3
2
2.25
1.4
0
4
3.8
4
1.2
3.2
0.6
0.6
4.6
3.4
2.2
1
0.6
0.8
0.6
3.2
3.6
2.2
3.8
3
3
1.2
4
2.8
3.6
4.8
3.8
4
4
3.4
2.8
1.2
5
2.8
3.4
1.2
3.8
3.8
0.6
3.6
4
4.6
2.2
2.6
2.4
3.2
5
1.4
3
3.8
2.8
3.2
3
2.2
3.00
5.00
0.00
1.20
5.00
0.00
1.20
2.80
2.40
1.20
2.20
3.60
3.60
4.00
3.20
4.00
1.40
1.40
4.60
2.00
5.00
2.80
1.40
1.00
1.00
1.80
0.20
2.00
1.60
3.00
2.40
3.00
2.40
5.00
0.00
4.80
2.40
1.00
0.40
2.60
3.80
2.00
0.60
4.80
5.00
1.40
4.40
3.80
5.00
3.00
3.00
2.60
0.40
0.00
3.40
4.60
0.60
0.00
4.60
0.00
2.80
5.00
3.20
3.20
2.40
1.80
2.60
5.00
4.20
4.80
4.60
5.00
0.80
4.20
1.20
4.40
2.80
0.20
0.60
4.40
3.80
4.60
1.40
4.20
4.60
2.20
4.60
2.60
3.00
3.60
2.20
0.80
1.40
4.40
3.60
3.20
1.20
4.20
4.20
2.40
4.60
5.00
0.80
0.60
4.20
3.40
3.40
0.60
1.40
4.00
3.20
3.00
4.00
1.80
3.80
3.20
1.60
3.40
5.00
2.40
1.60
4.60
1.60
4.00
0.00
0.40
4.20
5.00
1.00
4.80
5.00
0.60
1.80
3.40
2.80
3.40
3.20
2.20
2.40
4.60
4.80
0.40
3.00
0.40
0.40
1.00
2.80
0.00
0.00
5.00
1.60
1.80
0.40
4.60
0.00
1.00
1.00
3.00
1.40
1.40
0.80
5.00
5.00
4.60
3.80
1.20
2.80
0.40
1.60
1.80
4.20
0.20
4.00
1.00
0.40
1.80
1.80
0.60
1.40
3.80
4.20
2.20
2.00
4.20
3.80
4.00
0.20
1.40
5.00
2.40
4.60
1.00
2.80
0.60
0.40
4.20
3.60
4.20
2.80
1.00
3.80
3.00
0.40
3.00
0.60
2.80
4.40
0.00
0.40
3.40
0.00
1.20
3.60
3.00
1.40
4.80
1.40
3.60
2.00
2.00
3.00
1.60
1.00
0.80
5.00
0.60
4.20
1.80
4.40
0.60
5.00
0.80
4.60
4.00
3.40
1.40
3.80
4.80
4.60
4.00
1.80
5.00
0.60
2.80
5.00
3.80
3.60
4.00
0.80
1.20
0.40
1.60
0.80
3.50
1.20
3.60
4.40
5.00
2.80
2.00
4.00
0.40
2.20
1.80
4.00
0.80
0.00
2.20
2.33
1.00
4.20
3.00
1.00
0.00
3.60
3.20
3.80
4.80
3.40
1.40
3.60
1.60
1.60
0.80
1.00
0.00
3.80
5.00
0.00
0.00
0.00
2.20
2.40
4.20
2.60
3.00
3.80
2.60
4.00
5.00
3.40
4.40
5.00
5.00
2.00
2.80
1.40
0.20
4.33
4.40
3.00
2.40
0.60
4.60
4.80
5.00
0.40
3.00
3.60
3.00
3.20
0.80
0.80
1.00
2.20
0.40
5.00
2.00
5.00
2.80
3.40
3.40
2.00
1.40
3.00
1.20
4.60
0.40
0.60
5.00
1.00
4.60
1.60
3.80
5.00
5.00
2.00
4.00
0.00
2.40
2.20
0.00
0.20
5.00
5.00
1.40
5.00
2.80
2.40
0.00
4.40
2.80
4.20
0.00
0.20
1.60
0.20
1.40
1.40
0.00
3.00
0.60
3.00
5.00
2.40
1.80
2.20
0.40
2.00
1.00
1.80
2.80
3.80
3.60
0.00
5.00
2.20
0.20
5.00
1.00
4.40
3.60
0.20
4.80
3.40
4.40
3.00
1.80
3.60
3.00
1.00
2.20
5.00
2.20
4.80
3.00
3.60
1.00
3.80
5.00
4.60
2.20
4.60
4.80
2.00
2.20
2.40
2.60
2.20
2.40
0.20
1.80
1.60
2.40
0.20
1.40
0.00
3.40
2.40
1.60
1.60
3.00
3.60
0.40
1.40
3.20
1.20
2.60
3.20
3.40
1.60
2.80
4.60
0.20
1.40
4.40
0.40
1.80
3.60
4.40
1.20
0.00
1.20
3.20
3.00
0.00
0.00
2.60
4.20
4.80
1.80
2.20
4.80
1.80
3.60
0.40
0.60
1.20
0.00
1.40
2.20
0.00
2.40
4.40
5.00
5.00
4.60
3.00
2.20
0.00
5.00
0.00
2.60
4.20
2.40
2.40
4.80
4.40
1.40
4.40
1.20
3.20
0.40
4.80
0.80
2.60
3.40
2.80
3.20
1.80
4.60
3.80
3.80
3.80
4.60
2.60
3.40
3.20
2.20
3.20
1.20
3.60
1.20
0.40
0.00
2.80
2.20
0.60
0.20
2.60
5.00
3.20
4.60
0.40
3.80
2.40
3.80
0.20
1.00
1.20
0.00
0.60
1.20
1.00
4.20
2.80
3.00
5.00
1.40
3.40
0.60
1.80
3.40
4.00
5.00
3.00
1.20
5.00
4.00
1.40
2.20
1.80
5.00
0.00
1.40
4.80
3.80
3.80
0.40
0.00
2.60
3.40
5.00
3.80
5.00
5.00
1.40
0.40
0.00
2.60
3.40
5.00
4.00
4.60
4.20
4.80
1.60
3.60
1.80
3.20
2.80
0.40
1.60
0.40
5.00
0.00
4.20
0.40
1.20
1.20
5.00
1.20
4.80
4.60
0.00
2.00
4
5
5
5
5
5
3
4
5
5
5
5
4
5
5
4
4
5
4
3
4
4
4
4
5
5
4
3
5
4
3
5
3
4
4
5
4
3
3
4
5
4
3
5
3
4
5
4
4
4
1
4
4
5
2
5
2
3
5
4
4
5
3
3
4
3
4
3
2
2
1
1
4
2
4
3
0
3
1
3
5
2
2
1
2
1
1
3
1
3
5
0
2
0
2
3
1
5
2
5
2
4
5
1
2
4
3
3
1
1
5
3
4
3
3
1
4
1
5
2
3
4
0
3
4
2
1
0
2
2
4
2
2
1
0
2
2
2
3
2
1
1
2
0
2
3
1
1
2
1
1
0
2
1
3
1
1
1
0
0
2
1
2
0
0
1
1
1
1
0
0
0
0
1
0
1
0
2
2
0
1
0
0
0
0
0
0
1
0
0
2
2
0
0
0
0
0